0 33 45 -1 1.09584 0.0161256 0 0 
1 33 46 -1 1.02363 0.0102544 0 0 
2 33 47 -1 0.984809 0.00684285 0 0 
3 33 48 -1 0.998646 0.00837871 0 0 
4 33 49 -1 0.993575 0.00744626 0 0 
5 33 50 -1 0.977838 0.0073982 0 0 
6 33 51 -1 0.978794 0.00745513 0 0 
7 33 52 -1 0.99615 0.00841203 0 0 
8 33 53 -1 0.975817 0.00792318 0 0 
9 33 54 -1 0.951451 0.00939612 0 0 
10 33 55 -1 1.01513 0.00864436 0 0 
11 33 56 -1 0.967456 0.0145205 0 0 
12 34 43 -1 1.00819 0.0134366 0 0 
13 34 44 -1 0.956093 0.00846242 0 0 
14 34 45 -1 1.15832 0.0115362 0 0 
15 34 46 -1 0.985833 0.00749093 0 0 
16 34 47 -1 1.04759 0.00715693 0 0 
17 34 48 -1 0.994426 0.0072012 0 0 
18 34 49 -1 0.972304 0.00764822 0 0 
19 34 50 -1 0.988213 0.0061866 0 0 
20 34 51 -1 0.979885 0.0060548 0 0 
21 34 52 -1 0.970608 0.00592343 0 0 
22 34 53 -1 0.981867 0.00581153 0 0 
23 34 54 -1 0.968203 0.00637365 0 0 
24 34 55 -1 0.996596 0.00882724 0 0 
25 34 56 -1 0.969959 0.0101767 0 0 
26 34 57 -1 0.927503 0.0123821 0 0 
27 34 58 -1 0.993616 0.0149086 0 0 
28 35 41 -1 0.994591 0.00808329 0 0 
29 35 42 -1 0.998838 0.0072128 0 0 
30 35 43 -1 0.999972 0.00805636 0 0 
31 35 44 -1 0.96742 0.00686463 0 0 
32 35 45 -1 1.03305 0.00772894 0 0 
33 35 46 -1 1.05982 0.00637919 0 0 
34 35 47 -1 1.02351 0.00605999 0 0 
35 35 48 -1 1.00363 0.00709158 0 0 
36 35 49 -1 0.973649 0.00596884 0 0 
37 35 50 -1 0.993188 0.00618158 0 0 
38 35 51 -1 0.997487 0.00785637 0 0 
39 35 52 -1 0.988898 0.00573492 0 0 
40 35 53 -1 1.02631 0.00632782 0 0 
41 35 54 -1 0.996799 0.00607525 0 0 
42 35 55 -1 0.99091 0.0066128 0 0 
43 35 56 -1 0.98551 0.00856032 0 0 
44 35 57 -1 0.927499 0.00887107 0 0 
45 35 58 -1 0.995587 0.00783249 0 0 
46 35 59 -1 0.973829 0.00982313 0 0 
47 35 60 -1 1.06624 0.0125336 0 0 
48 36 40 -1 1.00054 0.00726256 0 0 
49 36 41 -1 0.993694 0.00776551 0 0 
50 36 42 -1 0.969387 0.00571233 0 0 
51 36 43 -1 0.973484 0.00592012 0 0 
52 36 44 -1 0.926193 0.00680243 0 0 
53 36 45 -1 0.965678 0.00584285 0 0 
54 36 46 -1 0.99244 0.00674714 0 0 
55 36 47 -1 0.986398 0.00633712 0 0 
56 36 48 -1 0.993331 0.00549469 0 0 
57 36 49 -1 0.949653 0.00566264 0 0 
58 36 50 -1 0.966966 0.00599305 0 0 
59 36 51 -1 0.957971 0.00626272 0 0 
60 36 52 -1 0.936363 0.0057338 0 0 
61 36 53 -1 0.986031 0.0060971 0 0 
62 36 54 -1 0.948712 0.00610132 0 0 
63 36 55 -1 0.967606 0.0064833 0 0 
64 36 56 -1 0.965724 0.00572625 0 0 
65 36 57 -1 0.91942 0.00584722 0 0 
66 36 58 -1 0.971201 0.00546675 0 0 
67 36 59 -1 0.989163 0.00640787 0 0 
68 36 60 -1 1.00675 0.0078737 0 0 
69 36 61 -1 0.992077 0.00938753 0 0 
70 37 39 -1 0.966361 0.00878637 0 0 
71 37 40 -1 1.07047 0.0069037 0 0 
72 37 41 -1 1.04532 0.00697392 0 0 
73 37 42 -1 0.95847 0.00561504 0 0 
74 37 43 -1 0.952523 0.00614798 0 0 
75 37 44 -1 0.95476 0.0059065 0 0 
76 37 45 -1 0.986474 0.00554124 0 0 
77 37 46 -1 1.01229 0.00545736 0 0 
78 37 47 -1 0.997264 0.0060607 0 0 
79 37 48 -1 0.986379 0.00612856 0 0 
80 37 49 -1 0.929742 0.00539804 0 0 
81 37 50 -1 0.982377 0.00565289 0 0 
82 37 51 -1 0.97328 0.0061822 0 0 
83 37 52 -1 0.928001 0.00548775 0 0 
84 37 53 -1 0.977634 0.00592672 0 0 
85 37 54 -1 0.957818 0.00555144 0 0 
86 37 55 -1 1.02374 0.00548071 0 0 
87 37 56 -1 1.00646 0.00651138 0 0 
88 37 57 -1 0.962887 0.00568604 0 0 
89 37 58 -1 0.983881 0.005175 0 0 
90 37 59 -1 0.953022 0.00550264 0 0 
91 37 60 -1 1.06406 0.00672271 0 0 
92 37 61 -1 1.05248 0.00742479 0 0 
93 37 62 -1 1.00893 0.00802922 0 0 
94 38 38 -1 0.994333 0.00750555 0 0 
95 38 39 -1 0.986248 0.00647339 0 0 
96 38 40 -1 1.18516 0.00855898 0 0 
97 38 41 -1 1.0319 0.00655968 0 0 
98 38 42 -1 1.02268 0.00642558 0 0 
99 38 43 -1 0.968646 0.00554231 0 0 
100 38 44 -1 0.989501 0.00514914 0 0 
101 38 45 -1 0.99826 0.00581848 0 0 
102 38 46 -1 1.04676 0.0057424 0 0 
103 38 47 -1 0.994728 0.0057142 0 0 
104 38 48 -1 0.994931 0.00525268 0 0 
105 38 49 -1 0.889011 0.00554423 0 0 
106 38 50 -1 0.943411 0.00536234 0 0 
107 38 51 -1 0.926385 0.00516727 0 0 
108 38 52 -1 0.889442 0.00490926 0 0 
109 38 53 -1 0.924382 0.00504691 0 0 
110 38 54 -1 0.951061 0.00568336 0 0 
111 38 55 -1 1.012 0.00619365 0 0 
112 38 56 -1 1.0169 0.0051905 0 0 
113 38 57 -1 1.04153 0.00570606 0 0 
114 38 58 -1 1.02595 0.00617498 0 0 
115 38 59 -1 1.03807 0.00578789 0 0 
116 38 60 -1 1.05211 0.00560544 0 0 
117 38 61 -1 1.05175 0.00612053 0 0 
118 38 62 -1 0.987166 0.00604656 0 0 
119 38 63 -1 1.05845 0.00926849 0 0 
120 39 37 -1 0.998869 0.00846318 0 0 
121 39 38 -1 0.981448 0.00673387 0 0 
122 39 39 -1 0.9809 0.0064554 0 0 
123 39 40 -1 1.06568 0.00644884 0 0 
124 39 41 -1 1.01492 0.00636205 0 0 
125 39 42 -1 1.0056 0.00599748 0 0 
126 39 43 -1 0.997238 0.0053565 0 0 
127 39 44 -1 1.01947 0.00555781 0 0 
128 39 45 -1 1.00556 0.00582852 0 0 
129 39 46 -1 1.04666 0.00710584 0 0 
130 39 47 -1 1.03061 0.00612367 0 0 
131 39 48 -1 1.01482 0.00674432 0 0 
132 39 49 -1 0.917729 0.0232744 0 0 
133 39 50 -1 0.896615 0.00600173 0 0 
134 39 51 -1 0.941623 0.00651633 0 0 
135 39 52 -1 0.923738 0.00529701 0 0 
136 39 53 -1 0.981806 0.00706065 0 0 
137 39 54 -1 1.07491 0.00617197 0 0 
138 39 55 -1 1.05312 0.00676058 0 0 
139 39 56 -1 1.01921 0.00526481 0 0 
140 39 57 -1 1.07443 0.0065479 0 0 
141 39 58 -1 1.03588 0.00611641 0 0 
142 39 59 -1 1.07481 0.00594848 0 0 
143 39 60 -1 1.03657 0.00603124 0 0 
144 39 61 -1 1.06601 0.00622327 0 0 
145 39 62 -1 1.10689 0.00685537 0 0 
146 39 63 -1 1.02846 0.00670382 0 0 
147 39 64 -1 1.04661 0.00871676 0 0 
148 40 36 -1 0.990602 0.00808986 0 0 
149 40 37 -1 1.00979 0.00661967 0 0 
150 40 38 -1 1.0424 0.00661677 0 0 
151 40 39 -1 1.04227 0.00697014 0 0 
152 40 40 -1 1.07671 0.00567837 0 0 
153 40 41 -1 1.1106 0.00739375 0 0 
154 40 42 -1 1.08967 0.00705525 0 0 
155 40 43 -1 1.03824 0.006232 0 0 
156 40 44 -1 1.03884 0.00653605 0 0 
157 40 45 -1 1.01803 0.00696778 0 0 
158 40 56 -1 1.07685 0.00917837 0 0 
159 40 57 -1 1.07767 0.00697374 0 0 
160 40 58 -1 1.04312 0.00700184 0 0 
161 40 59 -1 1.12697 0.00670092 0 0 
162 40 60 -1 1.12897 0.00782001 0 0 
163 40 61 -1 1.09382 0.00659389 0 0 
164 40 62 -1 1.06399 0.00635083 0 0 
165 40 63 -1 1.08058 0.00628528 0 0 
166 40 64 -1 1.05446 0.00843463 0 0 
167 40 65 -1 1.03124 0.010282 0 0 
168 41 35 -1 0.964023 0.0107885 0 0 
169 41 36 -1 0.971793 0.00701038 0 0 
170 41 37 -1 1.00263 0.00588696 0 0 
171 41 38 -1 1.01625 0.00588847 0 0 
172 41 39 -1 1.00658 0.00581111 0 0 
173 41 40 -1 1.06137 0.00715456 0 0 
174 41 41 -1 1.12161 0.00661573 0 0 
175 41 42 -1 1.08962 0.00637227 0 0 
176 41 43 -1 1.20813 0.00906338 0 0 
177 41 58 -1 1.26211 0.00897379 0 0 
178 41 59 -1 1.12305 0.00694062 0 0 
179 41 60 -1 1.45757 0.0112892 0 0 
180 41 61 -1 1.12287 0.00764137 0 0 
181 41 62 -1 1.04345 0.00577147 0 0 
182 41 63 -1 1.05516 0.00691014 0 0 
183 41 64 -1 1.02536 0.00687531 0 0 
184 41 65 -1 1.0213 0.00777954 0 0 
185 41 66 -1 1.01384 0.00945081 0 0 
186 42 35 -1 1 0.0521986 0 0 
187 42 36 -1 0.932969 0.00700494 0 0 
188 42 37 -1 0.958517 0.0057265 0 0 
189 42 38 -1 1.02569 0.00642985 0 0 
190 42 39 -1 1.02298 0.0053787 0 0 
191 42 40 -1 1.02945 0.0054022 0 0 
192 42 41 -1 1.08877 0.00604674 0 0 
193 42 42 -1 1.11112 0.00851711 0 0 
194 42 59 -1 1.28583 0.0100564 0 0 
195 42 60 -1 1.15845 0.00744871 0 0 
196 42 61 -1 1.06116 0.00586281 0 0 
197 42 62 -1 1.0375 0.00586265 0 0 
198 42 63 -1 1.05072 0.00592908 0 0 
199 42 64 -1 0.99508 0.00546453 0 0 
200 42 65 -1 0.986293 0.00682085 0 0 
201 42 66 -1 0.961345 0.00969264 0 0 
202 43 34 -1 1.01982 0.0160337 0 0 
203 43 35 -1 0.905823 0.0077693 0 0 
204 43 36 -1 0.910365 0.00546362 0 0 
205 43 37 -1 0.942509 0.00556863 0 0 
206 43 38 -1 0.96007 0.00591214 0 0 
207 43 39 -1 0.969372 0.00549981 0 0 
208 43 40 -1 1.00051 0.00576088 0 0 
209 43 41 -1 1.19647 0.00857655 0 0 
210 43 60 -1 1.18155 0.00835443 0 0 
211 43 61 -1 1.03754 0.00588574 0 0 
212 43 62 -1 1.03076 0.00658874 0 0 
213 43 63 -1 1.04247 0.00635549 0 0 
214 43 64 -1 1.01611 0.0059284 0 0 
215 43 65 -1 1.04481 0.00694495 0 0 
216 43 66 -1 1.02439 0.00935569 0 0 
217 43 67 -1 1.00424 0.0129869 0 0 
218 44 34 -1 0.908254 0.0112191 0 0 
219 44 35 -1 0.88106 0.00763864 0 0 
220 44 36 -1 0.857412 0.0049038 0 0 
221 44 37 -1 0.925882 0.00501708 0 0 
222 44 38 -1 0.960548 0.00492863 0 0 
223 44 39 -1 0.976787 0.00500086 0 0 
224 44 40 -1 1.0281 0.00623173 0 0 
225 44 61 -1 1.07614 0.00644291 0 0 
226 44 62 -1 1.02145 0.00606325 0 0 
227 44 63 -1 1.06454 0.00659502 0 0 
228 44 64 -1 0.987208 0.00600833 0 0 
229 44 65 -1 0.998732 0.00665435 0 0 
230 44 66 -1 1.00616 0.00773702 0 0 
231 44 67 -1 1.02598 0.0135033 0 0 
232 45 33 -1 0.969882 0.0153617 0 0 
233 45 34 -1 1.04317 0.0126882 0 0 
234 45 35 -1 0.926072 0.00641424 0 0 
235 45 36 -1 0.91055 0.00493777 0 0 
236 45 37 -1 0.960989 0.00547381 0 0 
237 45 38 -1 0.981255 0.00469973 0 0 
238 45 39 -1 0.983954 0.00499746 0 0 
239 45 40 -1 1.02814 0.00692806 0 0 
240 45 61 -1 1.01889 0.00725518 0 0 
241 45 62 -1 1.03906 0.00596112 0 0 
242 45 63 -1 1.02867 0.00622936 0 0 
243 45 64 -1 1.09249 0.00718326 0 0 
244 45 65 -1 1.07073 0.00705338 0 0 
245 45 66 -1 1.1437 0.00781423 0 0 
246 45 67 -1 1.0653 0.0135455 0 0 
247 45 68 -1 0.98262 0.0141094 0 0 
248 46 33 -1 0.975004 0.00911875 0 0 
249 46 34 -1 0.980926 0.00759701 0 0 
250 46 35 -1 1.03366 0.00654692 0 0 
251 46 36 -1 0.980832 0.00588587 0 0 
252 46 37 -1 0.961964 0.00513025 0 0 
253 46 38 -1 0.982175 0.00643675 0 0 
254 46 39 -1 1.02215 0.00617727 0 0 
255 46 62 -1 1.10604 0.00749812 0 0 
256 46 63 -1 1.06802 0.00663183 0 0 
257 46 64 -1 1.09434 0.00658394 0 0 
258 46 65 -1 1.05958 0.00612529 0 0 
259 46 66 -1 1.26295 0.00993231 0 0 
260 46 67 -1 1.6426 0.0298705 0 0 
261 46 68 -1 1.07219 0.0118853 0 0 
262 47 33 -1 0.977961 0.00984636 0 0 
263 47 34 -1 0.899606 0.00649394 0 0 
264 47 35 -1 0.951234 0.00590781 0 0 
265 47 36 -1 0.943231 0.00570835 0 0 
266 47 37 -1 0.949908 0.00579682 0 0 
267 47 38 -1 0.908796 0.00504156 0 0 
268 47 39 -1 0.946626 0.00568027 0 0 
269 47 62 -1 1.01755 0.00659059 0 0 
270 47 63 -1 1.00172 0.00582404 0 0 
271 47 64 -1 1.00453 0.0053189 0 0 
272 47 65 -1 0.987095 0.00572198 0 0 
273 47 66 -1 1.04545 0.00671813 0 0 
274 47 67 -1 0.969548 0.00771853 0 0 
275 47 68 -1 0.975984 0.00968068 0 0 
276 48 33 -1 0.96023 0.00834516 0 0 
277 48 34 -1 0.915614 0.00681958 0 0 
278 48 35 -1 1.07877 0.0065093 0 0 
279 48 36 -1 0.929671 0.00560275 0 0 
280 48 37 -1 0.932745 0.00631573 0 0 
281 48 38 -1 0.862491 0.00467832 0 0 
282 48 39 -1 0.914815 0.0051738 0 0 
283 48 62 -1 1.0059 0.00594843 0 0 
284 48 63 -1 0.946235 0.00577123 0 0 
285 48 64 -1 0.954318 0.00605887 0 0 
286 48 65 -1 0.961072 0.00595518 0 0 
287 48 66 -1 1.00021 0.00581484 0 0 
288 48 67 -1 0.959973 0.00579808 0 0 
289 48 68 -1 0.968971 0.00784444 0 0 
290 49 33 -1 0.943673 0.00868691 0 0 
291 49 34 -1 0.957121 0.00810859 0 0 
292 49 35 -1 0.977265 0.00646702 0 0 
293 49 36 -1 0.951893 0.00561074 0 0 
294 49 37 -1 0.908233 0.0049407 0 0 
295 49 38 -1 0.865535 0.00466021 0 0 
296 49 39 -1 0.885825 0.00535964 0 0 
297 49 62 -1 0.983974 0.00655721 0 0 
298 49 63 -1 0.920456 0.0052369 0 0 
299 49 64 -1 0.941474 0.00654296 0 0 
300 49 65 -1 0.961772 0.00587793 0 0 
301 49 66 -1 1.02922 0.00534645 0 0 
302 49 67 -1 0.972366 0.00603591 0 0 
303 49 68 -1 0.992366 0.00786142 0 0 
304 50 33 -1 0.960728 0.00775829 0 0 
305 50 34 -1 0.940899 0.00656524 0 0 
306 50 35 -1 0.980303 0.00616742 0 0 
307 50 36 -1 0.967896 0.00590228 0 0 
308 50 37 -1 0.939548 0.00569313 0 0 
309 50 38 -1 0.930186 0.00537679 0 0 
310 50 39 -1 0.95082 0.00560182 0 0 
311 50 62 -1 1.06274 0.00603768 0 0 
312 50 63 -1 0.981934 0.00547955 0 0 
313 50 64 -1 0.983272 0.00581024 0 0 
314 50 65 -1 1.02049 0.00735464 0 0 
315 50 66 -1 1.04557 0.0067362 0 0 
316 50 67 -1 1.01722 0.00730433 0 0 
317 50 68 -1 1.02599 0.00903462 0 0 
318 51 33 -1 0.963143 0.00840909 0 0 
319 51 34 -1 0.966584 0.00707018 0 0 
320 51 35 -1 0.943941 0.0069157 0 0 
321 51 36 -1 0.940573 0.00638373 0 0 
322 51 37 -1 0.906342 0.00578574 0 0 
323 51 38 -1 0.889814 0.00528548 0 0 
324 51 39 -1 0.956558 0.0061268 0 0 
325 51 62 -1 1.04375 0.00749506 0 0 
326 51 63 -1 0.935167 0.00526175 0 0 
327 51 64 -1 0.977912 0.00563682 0 0 
328 51 65 -1 1.03206 0.00694741 0 0 
329 51 66 -1 1.07526 0.00621335 0 0 
330 51 67 -1 1.01852 0.00586596 0 0 
331 51 68 -1 1.00248 0.00812117 0 0 
332 52 33 -1 0.957965 0.00815465 0 0 
333 52 34 -1 0.962161 0.00624149 0 0 
334 52 35 -1 0.933705 0.00602583 0 0 
335 52 36 -1 0.909501 0.0056328 0 0 
336 52 37 -1 0.86906 0.00582737 0 0 
337 52 38 -1 0.849779 0.00481023 0 0 
338 52 39 -1 0.88697 0.00579549 0 0 
339 52 62 -1 1.00821 0.00629779 0 0 
340 52 63 -1 0.921772 0.00451945 0 0 
341 52 64 -1 0.965828 0.00641285 0 0 
342 52 65 -1 0.977804 0.00549719 0 0 
343 52 66 -1 1.02849 0.00631671 0 0 
344 52 67 -1 0.982494 0.00561809 0 0 
345 52 68 -1 0.981443 0.00767815 0 0 
346 53 33 -1 0.967889 0.00968168 0 0 
347 53 34 -1 0.946447 0.00663085 0 0 
348 53 35 -1 0.959909 0.00620228 0 0 
349 53 36 -1 0.894624 0.00586711 0 0 
350 53 37 -1 0.880493 0.00644421 0 0 
351 53 38 -1 0.867329 0.0045316 0 0 
352 53 39 -1 0.914087 0.00678989 0 0 
353 53 62 -1 1.00527 0.00645831 0 0 
354 53 63 -1 0.950494 0.00480845 0 0 
355 53 64 -1 0.903264 0.00761055 0 0 
356 53 65 -1 0.963143 0.00623501 0 0 
357 53 66 -1 1.00733 0.00608159 0 0 
358 53 67 -1 0.989514 0.00619262 0 0 
359 53 68 -1 1.007 0.00944252 0 0 
360 54 33 -1 0.972891 0.00876233 0 0 
361 54 34 -1 1.02573 0.00718313 0 0 
362 54 35 -1 0.972699 0.00559091 0 0 
363 54 36 -1 0.959051 0.00616699 0 0 
364 54 37 -1 0.961318 0.00554784 0 0 
365 54 38 -1 0.955477 0.00528688 0 0 
366 54 39 -1 0.957352 0.00543777 0 0 
367 54 62 -1 1.017 0.00637497 0 0 
368 54 63 -1 1.02587 0.00643456 0 0 
369 54 64 -1 1.01728 0.00663737 0 0 
370 54 65 -1 1.00666 0.00592902 0 0 
371 54 66 -1 1.03132 0.00660711 0 0 
372 54 67 -1 0.99281 0.00577851 0 0 
373 54 68 -1 1.00609 0.00918235 0 0 
374 55 33 -1 0.935249 0.00850567 0 0 
375 55 34 -1 1.00945 0.00747541 0 0 
376 55 35 -1 0.975127 0.00690286 0 0 
377 55 36 -1 1.17096 0.009955 0 0 
378 55 37 -1 1.00612 0.00678005 0 0 
379 55 38 -1 1.02323 0.00637463 0 0 
380 55 39 -1 1.0466 0.00719771 0 0 
381 55 62 -1 1.12989 0.00818677 0 0 
382 55 63 -1 1.04842 0.0066143 0 0 
383 55 64 -1 1.03317 0.00672026 0 0 
384 55 65 -1 1.04291 0.00711688 0 0 
385 55 66 -1 1.14737 0.00841816 0 0 
386 55 67 -1 1.04749 0.00808011 0 0 
387 55 68 -1 0.991747 0.00950264 0 0 
388 56 33 -1 1.02969 0.016222 0 0 
389 56 34 -1 0.997752 0.0112703 0 0 
390 56 35 -1 1.0165 0.00706294 0 0 
391 56 36 -1 0.982653 0.00651498 0 0 
392 56 37 -1 0.988691 0.00584104 0 0 
393 56 38 -1 0.99278 0.00522761 0 0 
394 56 39 -1 0.971887 0.00531393 0 0 
395 56 40 -1 1.02691 0.00754714 0 0 
396 56 61 -1 1.02312 0.00865402 0 0 
397 56 62 -1 0.963114 0.00635181 0 0 
398 56 63 -1 0.949134 0.00612663 0 0 
399 56 64 -1 0.969043 0.0063437 0 0 
400 56 65 -1 0.950921 0.00694115 0 0 
401 56 66 -1 1.04719 0.00837722 0 0 
402 56 67 -1 1.02512 0.0093536 0 0 
403 56 68 -1 1.03115 0.0145555 0 0 
404 57 34 -1 0.971927 0.010227 0 0 
405 57 35 -1 0.959 0.00759806 0 0 
406 57 36 -1 0.939943 0.00707059 0 0 
407 57 37 -1 0.924715 0.00581012 0 0 
408 57 38 -1 0.995448 0.00515535 0 0 
409 57 39 -1 0.992392 0.00531075 0 0 
410 57 40 -1 1.03144 0.00620015 0 0 
411 57 61 -1 1.00225 0.00792839 0 0 
412 57 62 -1 0.956578 0.00702689 0 0 
413 57 63 -1 0.916959 0.00593907 0 0 
414 57 64 -1 0.919568 0.00621128 0 0 
415 57 65 -1 0.924195 0.00720523 0 0 
416 57 66 -1 1.01983 0.00892662 0 0 
417 57 67 -1 1.01969 0.0158002 0 0 
418 58 34 -1 1.01691 0.012545 0 0 
419 58 35 -1 0.939766 0.00878873 0 0 
420 58 36 -1 0.991137 0.00767681 0 0 
421 58 37 -1 0.964373 0.00644717 0 0 
422 58 38 -1 0.954888 0.00513776 0 0 
423 58 39 -1 0.987198 0.00570827 0 0 
424 58 40 -1 0.968875 0.00543394 0 0 
425 58 41 -1 1.15221 0.0320736 0 0 
426 58 60 -1 1.25496 0.0131421 0 0 
427 58 61 -1 0.992394 0.00861788 0 0 
428 58 62 -1 0.951083 0.00714379 0 0 
429 58 63 -1 0.949888 0.00748383 0 0 
430 58 64 -1 0.936133 0.00550618 0 0 
431 58 65 -1 0.998087 0.00692869 0 0 
432 58 66 -1 0.967979 0.00893682 0 0 
433 58 67 -1 1.04342 0.0137908 0 0 
434 59 35 -1 0.977892 0.010694 0 0 
435 59 36 -1 0.960644 0.00622491 0 0 
436 59 37 -1 0.948778 0.0054047 0 0 
437 59 38 -1 0.988628 0.00570077 0 0 
438 59 39 -1 0.99609 0.00561423 0 0 
439 59 40 -1 1.03114 0.00575316 0 0 
440 59 41 -1 1.08393 0.0149845 0 0 
441 59 42 -1 1.15506 0.0129954 0 0 
442 59 59 -1 1.21166 0.00982349 0 0 
443 59 60 -1 1.14995 0.0111852 0 0 
444 59 61 -1 1.02102 0.0102592 0 0 
445 59 62 -1 1.02858 0.0071463 0 0 
446 59 63 -1 0.992629 0.00722828 0 0 
447 59 64 -1 0.941441 0.00587352 0 0 
448 59 65 -1 0.932446 0.00752804 0 0 
449 59 66 -1 0.979136 0.0104307 0 0 
450 60 35 -1 1.03585 0.012201 0 0 
451 60 36 -1 0.990359 0.00700482 0 0 
452 60 37 -1 0.986519 0.00706542 0 0 
453 60 38 -1 1.00463 0.00682181 0 0 
454 60 39 -1 1.01887 0.00846856 0 0 
455 60 40 -1 1.07837 0.00619837 0 0 
456 60 41 -1 1.08593 0.00725536 0 0 
457 60 42 -1 1.08884 0.00629561 0 0 
458 60 43 -1 1.21747 0.0238045 0 0 
459 60 58 -1 1.25474 0.00900276 0 0 
460 60 59 -1 1.17613 0.00786756 0 0 
461 60 60 -1 1.24373 0.00955441 0 0 
462 60 61 -1 1.08505 0.00971906 0 0 
463 60 62 -1 1.01011 0.00739968 0 0 
464 60 63 -1 1.04796 0.0115164 0 0 
465 60 64 -1 0.963422 0.00705834 0 0 
466 60 65 -1 0.961746 0.00808302 0 0 
467 60 66 -1 1.01984 0.00899125 0 0 
468 61 36 -1 1.02332 0.00873419 0 0 
470 61 38 -1 1.0655 0.00783168 0 0 
471 61 39 -1 1.02388 0.00650127 0 0 
472 61 40 -1 1.03171 0.00595083 0 0 
473 61 41 -1 1.06508 0.00612883 0 0 
474 61 42 -1 1.02286 0.00730965 0 0 
475 61 43 -1 1.01004 0.00605972 0 0 
476 61 44 -1 1.02531 0.00586233 0 0 
477 61 45 -1 1.02529 0.00671754 0 0 
478 61 56 -1 1.10073 0.00882317 0 0 
479 61 57 -1 1.11686 0.00797435 0 0 
480 61 58 -1 1.06561 0.0067062 0 0 
481 61 59 -1 1.14792 0.00817193 0 0 
482 61 60 -1 1.18528 0.00737078 0 0 
483 61 61 -1 1.1058 0.00776635 0 0 
484 61 62 -1 1.08547 0.00780785 0 0 
485 61 63 -1 1.11515 0.00686399 0 0 
486 61 64 -1 1.03357 0.00685543 0 0 
487 61 65 -1 1.04628 0.008175 0 0 
488 62 37 -1 1.01988 0.00804435 0 0 
489 62 38 -1 0.977217 0.0064977 0 0 
490 62 39 -1 0.995349 0.00642054 0 0 
491 62 40 -1 1.0041 0.00593137 0 0 
492 62 41 -1 1.003 0.00563671 0 0 
493 62 42 -1 1.0319 0.0054431 0 0 
494 62 43 -1 0.998126 0.00534122 0 0 
495 62 44 -1 0.999255 0.00566857 0 0 
496 62 45 -1 0.999219 0.00510287 0 0 
497 62 46 -1 1.01757 0.00794449 0 0 
498 62 47 -1 1.03711 0.0117636 0 0 
499 62 48 -1 1.01254 0.00734513 0 0 
500 62 49 -1 0.966243 0.00774741 0 0 
501 62 50 -1 0.887596 0.00736926 0 0 
502 62 51 -1 0.935987 0.00696967 0 0 
503 62 52 -1 0.93947 0.00606256 0 0 
504 62 53 -1 0.996491 0.00575684 0 0 
505 62 54 -1 1.03184 0.00599991 0 0 
506 62 55 -1 1.04819 0.00649748 0 0 
507 62 56 -1 1.0255 0.0059685 0 0 
508 62 57 -1 1.05733 0.00597492 0 0 
509 62 58 -1 1.05448 0.00613982 0 0 
510 62 59 -1 1.08242 0.00659314 0 0 
511 62 60 -1 1.07779 0.00674271 0 0 
512 62 61 -1 1.07551 0.00640355 0 0 
513 62 62 -1 1.06268 0.00691923 0 0 
514 62 63 -1 1.00659 0.00594597 0 0 
515 62 64 -1 1.01468 0.00697253 0 0 
516 63 38 -1 0.994092 0.00922465 0 0 
517 63 39 -1 0.959409 0.00677042 0 0 
518 63 40 -1 1.01489 0.00621558 0 0 
519 63 41 -1 1.03536 0.00628649 0 0 
520 63 42 -1 0.986455 0.00576575 0 0 
521 63 43 -1 0.947003 0.00502803 0 0 
522 63 44 -1 0.977148 0.00577976 0 0 
523 63 45 -1 0.978976 0.00552764 0 0 
524 63 46 -1 0.980802 0.00551196 0 0 
525 63 47 -1 0.966997 0.00488988 0 0 
526 63 48 -1 0.985711 0.00700376 0 0 
527 63 49 -1 0.923393 0.00687653 0 0 
528 63 50 -1 0.925366 0.00616784 0 0 
529 63 51 -1 0.902409 0.00521563 0 0 
530 63 52 -1 0.903878 0.0050681 0 0 
531 63 53 -1 0.946355 0.00550612 0 0 
532 63 54 -1 0.934369 0.00489545 0 0 
533 63 55 -1 1.01112 0.00642278 0 0 
534 63 56 -1 1.03633 0.00575368 0 0 
535 63 57 -1 1.06807 0.00623935 0 0 
536 63 58 -1 1.0376 0.0060686 0 0 
537 63 59 -1 1.06059 0.00703835 0 0 
538 63 60 -1 1.05425 0.00662657 0 0 
539 63 61 -1 1.08323 0.00627782 0 0 
540 63 62 -1 1.01065 0.00845122 0 0 
541 63 63 -1 1.02469 0.00836851 0 0 
542 64 39 -1 0.961968 0.00747339 0 0 
543 64 40 -1 1.03872 0.00802226 0 0 
544 64 41 -1 1.1719 0.00930405 0 0 
545 64 42 -1 0.940925 0.00545044 0 0 
546 64 43 -1 0.935559 0.00562599 0 0 
547 64 44 -1 0.889485 0.00518699 0 0 
548 64 45 -1 0.956654 0.00568046 0 0 
549 64 46 -1 0.999468 0.00548114 0 0 
550 64 47 -1 0.951318 0.00625285 0 0 
551 64 48 -1 0.95277 0.0049368 0 0 
552 64 49 -1 0.929412 0.00581984 0 0 
553 64 50 -1 0.993683 0.00580117 0 0 
554 64 51 -1 0.984767 0.00569589 0 0 
555 64 52 -1 0.941504 0.00526603 0 0 
556 64 53 -1 0.981458 0.00642619 0 0 
557 64 54 -1 0.965214 0.00743835 0 0 
558 64 55 -1 0.988978 0.00577214 0 0 
559 64 56 -1 0.995572 0.00727074 0 0 
560 64 57 -1 0.983421 0.00617322 0 0 
561 64 58 -1 1.01192 0.00605657 0 0 
562 64 59 -1 0.993724 0.00631911 0 0 
563 64 60 -1 1.05888 0.00723929 0 0 
564 64 61 -1 1.12413 0.0100369 0 0 
566 65 40 -1 0.961338 0.00842561 0 0 
567 65 41 -1 0.99182 0.00875064 0 0 
568 65 42 -1 0.911546 0.00620286 0 0 
569 65 43 -1 0.927424 0.0064043 0 0 
570 65 44 -1 0.885042 0.00566875 0 0 
571 65 45 -1 0.90587 0.00544505 0 0 
572 65 46 -1 0.978812 0.0059701 0 0 
573 65 47 -1 0.974369 0.00660743 0 0 
574 65 48 -1 0.984717 0.00545329 0 0 
575 65 49 -1 0.959371 0.00708758 0 0 
576 65 50 -1 1.02223 0.00596814 0 0 
577 65 51 -1 0.976838 0.00616885 0 0 
578 65 52 -1 0.941225 0.00558022 0 0 
579 65 53 -1 0.998794 0.00582628 0 0 
580 65 54 -1 0.966156 0.00602212 0 0 
581 65 55 -1 0.995183 0.00651124 0 0 
582 65 56 -1 0.9671 0.00614923 0 0 
583 65 57 -1 0.952942 0.00549542 0 0 
584 65 58 -1 1.04862 0.00715369 0 0 
585 65 59 -1 0.975295 0.00743041 0 0 
586 65 60 -1 0.990674 0.00756614 0 0 
587 65 61 -1 1.04854 0.00881084 0 0 
588 66 41 -1 0.959705 0.0112138 0 0 
589 66 42 -1 0.938468 0.0115087 0 0 
590 66 43 -1 0.922252 0.00874144 0 0 
591 66 44 -1 0.890954 0.00901537 0 0 
592 66 45 -1 0.973294 0.00718693 0 0 
593 66 46 -1 1.00856 0.00624992 0 0 
594 66 47 -1 0.990094 0.00566018 0 0 
595 66 48 -1 0.98899 0.00606668 0 0 
596 66 49 -1 1.0011 0.00648707 0 0 
597 66 50 -1 1.03245 0.00546749 0 0 
598 66 51 -1 1.00448 0.00706958 0 0 
599 66 52 -1 0.984077 0.00559961 0 0 
600 66 53 -1 1.01721 0.00612271 0 0 
601 66 54 -1 0.952296 0.00635786 0 0 
602 66 55 -1 1.02795 0.00749152 0 0 
603 66 56 -1 1.00077 0.00763885 0 0 
604 66 57 -1 0.958737 0.00768468 0 0 
605 66 58 -1 0.999478 0.00822929 0 0 
606 66 59 -1 0.999407 0.0107825 0 0 
607 66 60 -1 0.994328 0.011427 0 0 
608 67 43 -1 0.961375 0.0123571 0 0 
609 67 44 -1 0.903752 0.0178134 0 0 
610 67 45 -1 0.942983 0.00984269 0 0 
611 67 46 -1 0.969163 0.00828837 0 0 
612 67 47 -1 0.941849 0.00609061 0 0 
613 67 48 -1 0.941821 0.0060295 0 0 
614 67 49 -1 0.938128 0.00584992 0 0 
615 67 50 -1 1.00778 0.00645737 0 0 
616 67 51 -1 1.00662 0.0064544 0 0 
617 67 52 -1 0.990314 0.00723932 0 0 
618 67 53 -1 0.95408 0.006451 0 0 
619 67 54 -1 0.916091 0.00620131 0 0 
620 67 55 -1 0.98362 0.00824799 0 0 
621 67 56 -1 0.999754 0.0117373 0 0 
622 67 57 -1 0.924063 0.0104805 0 0 
623 67 58 -1 0.967374 0.0184488 0 0 
624 68 45 -1 0.999546 0.0180891 0 0 
625 68 46 -1 1.00845 0.0106278 0 0 
626 68 47 -1 0.950274 0.0102515 0 0 
627 68 48 -1 0.950291 0.0094423 0 0 
628 68 49 -1 0.955194 0.00829916 0 0 
629 68 50 -1 0.982415 0.00717052 0 0 
630 68 51 -1 0.967774 0.00667464 0 0 
631 68 52 -1 0.989457 0.00699028 0 0 
632 68 53 -1 0.974136 0.00792289 0 0 
633 68 54 -1 0.978595 0.00811596 0 0 
634 68 55 -1 1.02315 0.0106478 0 0 
635 68 56 -1 1.00199 0.0144796 0 0 
