
Processing printEtaScale.C...
-124 0.955444 0.0042048
-123 0.910113 0.00178996
-122 0.907772 0.00139898
-121 0.920184 0.00100783
-120 0.939987 0.000831298
-119 0.952269 0.000786822
-118 0.981111 0.000735026
-117 0.98717 0.000729464
-116 0.985387 0.000622097
-115 0.98349 0.000702618
-114 0.986192 0.000695415
-113 0.984984 0.000696636
-112 0.985095 0.000713376
-111 0.985874 0.000700076
-110 0.986409 0.000724601
-109 0.988009 0.000705138
-108 0.989492 0.000739753
-107 0.988287 0.00074389
-106 0.989774 0.000728462
-105 0.989551 0.000753995
-104 0.994027 0.000737064
-103 0.995184 0.000799181
-102 0.993313 0.000761914
-101 0.991562 0.000779612
-100 0.990886 0.000788992
-99 0.992935 0.000835754
-98 0.995487 0.000835683
-97 0.996804 0.000830082
-96 0.997031 0.00088408
-95 0.997885 0.000843929
-94 0.997472 0.000905278
-93 0.998204 0.00089527
-92 1.00267 0.000914113
-91 1.00034 0.000919385
-90 1.00221 0.000939056
-89 1.00157 0.000960266
-88 0.990416 0.00114629
-87 0.939395 0.00163874
-86 0.952182 0.00267672
-85 0.974498 0.00144331
-84 0.9779 0.00102383
-83 1.00948 0.000987392
-82 1.00143 0.000954487
-81 1.00054 0.000961079
-80 1.00039 0.000980268
-79 1.00038 0.0009306
-78 0.999396 0.000932508
-77 0.999018 0.000929034
-76 0.998602 0.000939219
-75 1.00149 0.00092073
-74 1.00156 0.000915107
-73 1.00329 0.000919307
-72 1.00002 0.000944981
-71 1.0029 0.000899348
-70 1.00299 0.000914287
-69 1.00616 0.000929716
-68 1.0038 0.000896787
-67 1.00237 0.000892686
-66 0.996832 0.000851464
-65 1.00466 0.000885371
-64 0.999817 0.000853186
-63 1 0.000867378
-62 0.997804 0.000875029
-61 0.997213 0.000844833
-60 0.995564 0.000833826
-59 0.994362 0.000825708
-58 0.9932 0.000834756
-57 0.997153 0.000844274
-56 0.994644 0.000820774
-55 0.992445 0.000874697
-54 0.995256 0.000835148
-53 0.994111 0.000832739
-52 0.994676 0.000816611
-51 0.992268 0.000815635
-50 0.992135 0.000799415
-49 0.992975 0.000800495
-48 0.993828 0.000815225
-47 0.990036 0.000788953
-46 0.993015 0.000779022
-45 0.997202 0.000827528
-44 0.995594 0.000820661
-43 0.992073 0.000798709
-42 0.993548 0.000787751
-41 0.994305 0.000787434
-40 0.995353 0.000782302
-39 0.995828 0.000775819
-38 0.995469 0.000773415
-37 0.996521 0.000798444
-36 0.996007 0.000772904
-35 0.995231 0.000775531
-34 0.996961 0.000782968
-33 0.994519 0.00077445
-32 0.994449 0.000772069
-31 0.994782 0.000787967
-30 0.995363 0.000782581
-29 0.996201 0.000781707
-28 0.995409 0.000787292
-27 0.995202 0.000794164
-26 0.992802 0.000770354
-25 0.995469 0.000803818
-24 0.995391 0.000772791
-23 0.994735 0.000759956
-22 0.99408 0.000761577
-21 0.993051 0.000768882
-20 0.992796 0.000763156
-19 0.995702 0.000769225
-18 0.993538 0.000774085
-17 0.995005 0.0007885
-16 0.994568 0.000764084
-15 0.994755 0.000773043
-14 0.994368 0.000757214
-13 0.996591 0.00076965
-12 0.994849 0.000762558
-11 0.994636 0.0007673
-10 0.995176 0.000757258
-9 0.993492 0.000781883
-8 0.99541 0.000773802
-7 0.995116 0.000760374
-6 0.995079 0.000781356
-5 0.997445 0.000753096
-4 0.994079 0.000739136
-3 0.994125 0.000742513
-2 0.994915 0.000773435
-1 0.993061 0.000790848
1 0.995473 0.000769488
2 0.99507 0.000739567
3 0.996069 0.000742003
4 0.996144 0.000747446
5 0.99479 0.000766995
6 0.995685 0.000767242
7 0.995085 0.000758611
8 0.994274 0.000765293
9 0.996058 0.000786661
10 0.995086 0.000755273
11 0.993733 0.000770241
12 0.994294 0.000743426
13 0.993772 0.000753741
14 0.995168 0.000753307
15 0.995434 0.000748495
16 0.993971 0.000751685
17 0.994625 0.000779981
18 0.993939 0.000762721
19 0.994578 0.000763438
20 0.996237 0.000761955
21 0.995443 0.000753394
22 0.993919 0.000773583
23 0.997242 0.000771232
24 0.996438 0.000773661
25 0.995464 0.00078224
26 0.994128 0.000749779
27 0.996083 0.000782822
28 0.995326 0.000776945
29 0.99478 0.000769247
30 0.996286 0.000774699
31 0.995692 0.000774306
32 0.995148 0.000783053
33 0.995565 0.00077134
34 0.993578 0.00077567
35 0.996613 0.00081031
36 0.996496 0.000786173
37 0.997715 0.000810928
38 0.996592 0.000778191
39 0.996072 0.000785583
40 0.995926 0.000797885
41 0.996019 0.000793863
42 0.996484 0.000795515
43 0.996176 0.000783579
44 0.995501 0.00080587
45 0.994769 0.000809534
46 0.992658 0.000773217
47 0.994126 0.000789918
48 0.995861 0.000807861
49 0.99534 0.000815987
50 0.996257 0.000820246
51 0.994274 0.00082104
52 0.996531 0.000835802
53 0.998465 0.000857279
54 0.99671 0.000840316
55 0.995363 0.000828821
56 0.99656 0.000819827
57 0.997022 0.000838282
58 0.99744 0.000833479
59 0.997329 0.000844056
60 0.998294 0.000856588
61 0.999159 0.00086654
62 1.00279 0.00089441
63 1.00242 0.00086394
64 1.00437 0.000898951
65 1.00729 0.000928891
66 1.00157 0.000866769
67 1.00529 0.00089322
68 1.00257 0.000913819
69 1.00629 0.000893279
70 1.00488 0.000924511
71 1.00626 0.000945435
72 1.00554 0.000927851
73 1.00341 0.000925088
74 1.00438 0.000919666
75 1.00354 0.00093343
76 0.999425 0.000920656
77 1.00293 0.000929524
78 0.999948 0.00091838
79 1.00166 0.000948548
80 1.00245 0.000971302
81 0.998032 0.00099682
82 0.998935 0.000978327
83 0.998425 0.000976863
84 0.978069 0.000996197
85 0.971776 0.0014067
86 0.994566 0.00296976
87 0.965381 0.00187746
88 0.985281 0.00117298
89 1.00409 0.000986124
90 1.00551 0.00100171
91 1.00351 0.000950025
92 1.00138 0.000942297
93 1.00114 0.000903568
94 1.00175 0.000922548
95 0.997281 0.000885121
96 0.998122 0.000920199
97 0.997928 0.000858564
98 0.994036 0.000829689
99 0.995285 0.000839406
100 0.992747 0.000783581
101 0.996003 0.000811925
102 0.992904 0.000766378
103 0.991378 0.000791699
104 0.990297 0.000731482
105 0.992122 0.000735241
106 0.990706 0.000709336
107 0.989384 0.00072423
108 0.988849 0.000728071
109 0.988312 0.000693828
110 0.987682 0.000712119
111 0.983642 0.000679589
112 0.985004 0.000684787
113 0.984543 0.000663145
114 0.983182 0.000676604
115 0.983502 0.0006907
116 0.980354 0.000616303
117 0.983065 0.000732452
118 0.997911 0.000762117
119 0.933893 0.000821591
120 0.909906 0.000931686
121 0.917032 0.00121223
122 0.945109 0.00198751
123 1.22602 0.00544276
124 1.02264 0.00429436
